38.7,39.48,39.7125,38.5575,148158948
36.0025,35.5475,36.43,35.5,365248780
36.125,37.065,37.137475,35.95,234428280
37.175,36.9825,37.2075,36.475,219111056
37.435,37.6875,37.955,37.13,164101256
37.85,38.3275,38.6325,37.4075,180396324
38.08,38.45,38.4925,37.715,143122680
38.2275,38.0725,38.425,37.8775,108092964
37.7125,37.5,37.8175,37.305,129756744
37.57,38.2675,38.3475,37.5125,114841296
38.2625,38.735,38.97,38.25,122278824
38.555,38.965,39.415,38.315,119284640
39.4,39.205,39.47,38.99515,135004092
39.1475,38.325,39.1825,38.155,121575880
38.5075,38.48,38.785,37.925,92522280
38.45,38.175,38.62,37.935,101766196
38.87,39.44,39.5325,38.58,134191572
38.96,39.075,39.0825,38.415,104768232
39.0525,38.67,39.5325,38.5275,166348956
40.805,41.3125,41.5375,40.0575,244439120
41.535,41.61,42.25,41.14,162958596
41.7525,41.63,42.245,41.4825,130672552
41.87,42.8125,42.91375,41.82,125982328
43.2325,43.545,43.77,43.087525,144406512
43.7,43.56,43.8925,43.213275,112958364
43.08,42.735,43.485,42.585,126966760
42.2475,42.6025,42.665,42.105,95279864
42.775,42.3575,42.8025,42.3125,83973700
42.525,42.7225,42.75,42.425,89134092
42.83,42.545,43.12,42.48,89960932
42.4625,42.7,42.815375,42.345,87342988
42.8675,42.605,42.925,42.4375,98507256
42.3875,42.7325,42.86,42.3725,75891304
42.775,43.0075,43.33,42.7475,104457448
42.95,42.765,43.0925,42.575,68998680
42.895,43.2425,43.25,42.845,75652616
43.54,43.5575,43.9675,43.4875,87493432
43.4275,43.5825,43.825,43.2933,68280844
43.3025,43.7175,43.75,43.1825,111341556
43.58,43.2875,43.7275,43.23,112861664
43.57,43.7425,43.7875,43.2225,103511240
43.9225,43.9625,44.4375,43.4925,109744812
43.985,43.88,44.0,43.635,78949676
43.6675,43.63,43.8725,43.485,83241536
43.4675,43.125,43.61,43.005,99185496
42.58,43.2275,43.2675,42.375,95997432
43.8725,44.725,44.78,43.8375,128044136
45.0,45.235,45.6675,44.8425,129870336
45.5625,45.4275,45.825,45.23,124130096
45.975,45.9325,46.025,45.64,94318032
46.2125,46.53,46.8325,45.935,156171648
46.45,47.005,47.0975,46.4475,104879328
47.0875,46.6325,47.2475,46.48,126585476
46.5575,47.04,47.3725,46.1825,124140924
47.505,48.7725,49.0825,47.4525,204136948
48.835,47.7625,49.4225,47.695,169630664
47.8775,47.185,47.995,46.65,175381172
47.916,46.697498,48.22,46.145,199202152
47.1875,47.1175,47.44,46.6375,119393708
47.2375,47.18,47.38975,46.8825,83121452
47.4575,47.4875,47.52,47.135,94255844
47.91,47.815,47.92,47.095,111447856
47.7725,48.505,48.615,47.7625,91062928
48.3125,48.8375,49.125,48.2875,93087320
48.6975,48.93,49.0925,48.285,76457100
49.1125,49.26,49.275,48.9825,74106576
49.105,50.025,50.0575,49.085,103526788
50.08,49.875,50.7125,49.8075,143072948
49.67,50.155,50.185,49.545,86781152
50.2125,49.7375,50.25,49.610775,83603232
49.8,49.7175,50.035,49.0525,111042672
49.645,49.8075,49.9625,49.5025,70146584
49.865,49.8125,50.3425,49.64,102785540
49.885,50.7825,50.845,49.6525,115627120
50.78,50.965,51.0375,50.63,96783064
50.7075,51.1325,51.235,50.585,77758180
51.1075,51.87,51.9375,50.975,93291964
51.84,51.79,52.12,51.7625,70162436
51.7075,51.32,51.94,51.28,74172824
51.225,51.075,51.25,50.53,74596408
51.1,51.1525,51.4925,50.965,88818864
50.765,50.1675,50.85,49.7775,186139692
52.47,52.63,53.8275,52.3075,259309312
52.46,52.2875,53.1625,52.0325,127985296
52.7225,52.9375,52.96,52.5575,83569512
51.0725,52.12,52.21,50.875,129772452
51.47,50.715,51.854375,50.20625,155054792
50.475,50.725,51.335,50.4375,105358016
50.1,50.18,50.42,49.165,139634428
49.35475,49.295,49.7125,48.1925,164834848
46.9275,46.43,47.37,45.7125,229722492
46.6025,47.165,47.425,46.3525,146118708
46.5675,47.73,47.9375,46.505,106178872
47.4775,47.52,48.117225,47.21,132125456
46.7325,47.25,47.725,46.69,131516360
45.88,45.7725,46.08725,45.070975,154449160
46.305,46.65,47.0,46.175,113459392
46.165,45.695,46.4275,45.6375,118994224
44.95,44.915,45.135,44.4525,146118944
45.05,44.7425,45.535,44.655,94858744
44.73,44.5575,45.1475,44.4775,111792640
44.105,44.345,44.8375,44.0,113924660
44.4875,44.575,44.8075,44.1675,84873648
44.0575,43.7675,44.4975,43.7475,108174336
43.9,43.325,44.48,42.5675,161584276
43.86,44.91,44.9575,43.63,123871844
46.07,45.635,46.2475,45.285,119093708
45.77,46.305,46.3675,45.537225,90105244
46.6275,47.5375,47.98,46.4425,122737572
47.9525,48.145,48.8425,47.905,104883404
48.715,48.7025,49.0,48.4,107731528
48.4875,48.5475,48.9925,48.34625,73012756
48.675,48.5375,49.1975,48.4,86698500
47.88625,48.185,48.396575,47.575,75045896
48.225,48.4725,48.74,48.0425,58676576
49.0125,49.6125,50.0725,48.8025,106204016
49.92,49.4675,49.97,49.3275,84496940
50.0925,49.865,50.1525,49.5075,86055952
49.7,49.695,50.2125,49.5375,191202356
49.635,49.645,50.04,49.5425,72881684
49.6075,48.8925,49.815,48.8225,84281336
49.4425,49.95,50.2475,49.3375,104270048
50.0725,49.935,50.3925,49.8925,83598868
49.67,49.49,49.87375,49.2625,124442568
50.7925,50.4025,51.1225,50.1625,109266956
50.3525,50.6825,50.783075,50.34,67740868
50.82,51.1025,51.11,50.672525,45448180
50.8375,51.0575,51.27,50.725,69062072
50.2025,50.005,50.35,49.6025,101354512
49.8,50.31,50.3775,49.7025,82312060
50.4625,50.8075,50.9325,50.39,71588552
50.8275,50.4375,51.0975,50.4275,80767368
50.6125,50.825,51.0,50.55,70380848
51.0225,51.3025,51.4675,51.0,67789680
51.1475,51.125,51.5275,50.875,67467264
51.0125,50.8375,51.272875,50.8175,56429800
51.0,51.415,51.47,50.925,74328644
51.4475,50.6475,51.625,50.59,83717228
50.9125,51.805,51.8075,50.9025,89111728
52.115,52.21,52.2275,51.8225,73420840
51.9175,52.1675,52.2875,51.7925,59966268
52.2225,51.755,52.31,51.6825,55638248
51.87,51.935,52.4325,51.785,70475496
52.115,52.42,52.66,52.11,86693556
52.19,52.195,52.54,51.8275,135742872
54.105,53.26,55.3425,52.825,277125444
53.475,52.1075,54.5075,51.685875,216071688
51.3825,51.005,51.6075,50.4075,163448488
49.4975,48.335,49.66225,48.145,209571876
49.0775,49.25,49.51675,48.51,143299148
48.8525,49.76,49.89,48.455,133457600
50.05,50.8575,50.8825,49.8475,108038092
50.325,50.2475,50.69,49.8225,98478984
49.905,50.12,50.5129,49.7875,89927556
50.255,52.2425,53.035,50.12,190159144
50.79,50.6875,51.61,50.646725,146189772
50.865,50.435,51.285,49.9175,111533452
51.07,51.625,51.79,50.96,115254496
52.655,52.5875,53.182675,52.50625,97727660
52.72,52.59,53.3375,52.58,107678116
53.2475,53.16,53.4125,52.9008,86258988
53.2975,53.115,53.60875,52.6875,89071276
52.3575,50.66,53.01275,50.25,187531372
51.465,51.6225,51.7975,51.264325,104264520
51.965,51.04,52.1375,50.8825,103589376
51.025,51.3825,51.43,50.83,63830528
52.125,52.2525,52.33,51.66375,84030608
52.54,52.185,52.6125,51.8,84650244
51.6075,51.425,51.745,51.055,80238296
52.0975,52.2975,52.37,51.83,76867280
53.0,53.32,53.4925,52.8775,95787936
53.5125,53.315,53.605,53.1275,77449176
53.71,53.5425,54.11,52.7675,109237604
53.465,54.175,54.195,52.9275,127111724
54.5175,55.8975,55.9275,54.4325,177158584
56.2,55.77125,56.605,55.715,128906676
55.0,54.6875,55.1975,54.255,159053184
54.4325,54.975,55.0325,54.39,84632564
54.99,55.175,55.205,54.78,73545872
55.265,55.6925,55.7125,54.86,102572372
55.5025,55.24,55.94,55.0925,88751504
55.345,54.4325,55.64,54.36825,231908376
54.7375,54.68,54.96,54.4125,77678592
55.2575,54.42,55.6225,54.2975,125737468
54.6375,55.2575,55.375,54.28505,89924024
55.0,54.9725,55.235,54.7075,76353248
55.135,54.705,55.24,54.32035,101445140
55.225,55.9925,56.145,55.1975,105274332
56.2675,56.1475,57.055,56.05,144748652
55.765,54.74,55.895,54.4825,143069028
54.6075,55.205,55.24,53.783,121410744
56.41,56.7525,56.8725,55.9725,139022212
56.5675,56.765,57.4825,56.46,123557076
56.455,56.1,57.015,56.0825,117130800
56.7575,56.7575,56.9475,56.41,76117696
56.9825,57.5225,57.61,56.825,115851936
58.2375,59.0525,59.41,58.076875,167960840
58.725,58.9675,59.53355,58.667525,97653936
59.0975,58.83,59.4125,58.72,92161932
58.3425,58.5925,58.81,58.3,77146776
58.7725,58.82,59.0375,58.38,69091588
58.6475,59.1025,59.395,58.5725,97508664
59.38,60.1275,60.2475,59.33,89469932
60.29,59.99,60.55,59.90545,90736004
60.525,60.795,60.81,60.305,79730180
61.1275,60.895,61.2,60.45125,71665020
60.79,61.645,61.6825,60.72,73477184
61.855,62.2625,62.3125,61.68,96572964
62.2425,60.8225,62.4375,60.6425,142839468
61.19,60.815,61.325,60.3025,124522088
61.81,62.19,62.2925,59.315,139162080
62.385,63.955,63.9825,62.29,151125336
64.3325,64.375,64.46125,63.845,103271808
64.2625,64.2825,64.5475,64.08,79897708
64.1925,64.31,64.3725,63.84125,75864496
64.685,64.8575,65.0875,64.5275,94940332
64.6725,65.035,65.11,64.2125,70081980
64.575,65.55,65.6175,64.57,82029836
65.3875,65.49,65.6975,65.23,87388904
65.2825,66.1175,66.195,65.2675,103270372
65.9375,65.66,66.22,65.525,89582224
65.92,66.44,66.445,65.7525,100374664
66.45,66.775,66.8575,66.0575,86803588
66.975,66.5725,67.0,66.34815,76278388
66.385,65.7975,66.52075,65.1,106439676
65.9225,65.5025,66.00125,65.295,121395112
65.6475,65.445,65.795,65.21,65325052
65.6775,66.5925,66.61,65.63,84118068
66.735,66.0725,66.79,65.625,105339528
66.395,66.96,66.995,66.3275,65544488
66.65,66.8125,67.0,66.475,46617452
66.8175,66.04,67.0625,65.8625,94774200
64.5775,64.8625,64.8825,64.0725,117509072
65.2675,65.435,65.8275,65.17,67241552
65.9475,66.395,66.4725,65.6825,74645372
66.87,67.6775,67.75,66.825,106189972
67.5,66.73,67.7,66.2275,128730580
67.15,67.12,67.5175,66.465,90529532
67.2025,67.6925,67.775,67.125,78893564
66.945,67.865,68.139975,66.83025,137748168
67.865,68.7875,68.825,67.7325,133731224
69.25,69.965,70.1975,69.245,128324420
69.8925,70.1025,70.4425,69.7,114303192
69.95,69.935,70.475,69.78,116098748
69.875,70.005,70.295,69.7375,98507788
70.5575,69.86,70.6625,69.64,276130972
70.1325,71.0,71.0625,70.093375,98711532
71.1725,71.0675,71.2225,70.729925,48478856
71.205,72.4775,72.495,71.175,93336016
72.78,72.45,73.4925,72.03,146371744
72.365,72.88,73.1725,71.305,144238456
72.4825,73.4125,73.42,72.38,100990500
